world: 0c678809-f5b9-47f8-8f65-719ddc1d0abe
world-name: world
x: 726.6992296116478
y: 64.0
z: -945.6055364681808
yaw: 89.66448974609375
pitch: 1.6482361555099487
name: c1
lastowner: 22716f8c-aa82-3ae2-90eb-16958f427eac
