world: 0c678809-f5b9-47f8-8f65-719ddc1d0abe
world-name: world
x: 754.6999999880791
y: 64.0
z: -278.5556301643511
yaw: 89.7615966796875
pitch: 9.599405288696289
name: c2
lastowner: 22716f8c-aa82-3ae2-90eb-16958f427eac
