world: 0c678809-f5b9-47f8-8f65-719ddc1d0abe
world-name: world
x: 85.44010403935265
y: 38.0
z: -419.0589857838574
yaw: 90.68310546875
pitch: 17.8490047454834
name: loja
lastowner: 22716f8c-aa82-3ae2-90eb-16958f427eac
