world: 0c678809-f5b9-47f8-8f65-719ddc1d0abe
world-name: world
x: 168.4787541189832
y: 63.0
z: -389.9054980906534
yaw: -89.89053344726562
pitch: -1.0503116846084595
name: spawn
lastowner: 22716f8c-aa82-3ae2-90eb-16958f427eac
